#period	period time	calc time
1	2240	1001
2	1998	1002
3	1749	1001
4	2248	751
5	1499	751
6	1498	1000
7	1750	999
8	1747	751
9	1500	990
10	1773	736
11	1468	754
12	1501	1247
13	1994	1006
14	1750	756
15	1515	992
16	1741	747
17	1495	744
18	1507	1244
19	1990	751
20	1499	752
21	1498	1000
22	1749	751
23	1495	1003
24	2001	1001
25	1748	751
26	1498	751
27	1499	1001
28	1500	1000
29	1751	747
30	1493	752
31	1751	749
32	1498	1001
33	1499	1003
34	1749	750
35	1500	770
36	1452	1047
37	1794	1001
38	1501	998
39	1748	749
40	1498	749
41	1498	1000
42	1748	752
43	1499	1000
44	1748	1000
45	1749	751
46	1250	999
47	1749	752
48	1498	750
49	1498	1000
50	1750	749
51	1497	1002
52	1749	751
53	1499	752
54	1499	1000
55	1499	1000
56	1750	999
57	1747	751
58	1499	750
59	1498	1000
60	1499	1001
61	1748	749
62	1498	1251
63	1754	997
64	1743	750
65	1501	748
66	1497	1000
67	1748	500
68	1248	1250
69	1998	761
70	1502	749
71	1498	999
72	1748	500
73	1248	1000
74	1750	998
75	1497	1000
76	1748	750
77	1499	751
78	1499	1001
79	1748	750
80	1500	749
81	1746	751
82	1499	752
83	1500	999
84	1747	749
85	1500	749
86	1494	1004
87	1499	1007
88	1752	1000
89	1748	751
90	1498	751
91	1499	992
92	1498	1004
93	1751	1000
94	1749	1000
95	1499	749
96	1748	749
97	1499	751
98	1498	1000
99	1749	750
100	1503	746
101	1746	749
102	1497	752
103	1499	1000
104	1751	747
105	1246	1003
106	1750	999
107	1747	752
108	1499	999
109	1748	750
110	1500	749
111	1497	1000
112	1498	1002
113	1999	751
114	1499	1002
115	1500	749
116	1747	750
117	1499	752
118	1748	1250
119	2000	749
120	1498	1000
121	1499	1000
122	1748	751
123	1499	751
124	1498	1000
125	1750	999
126	1497	1001
127	1749	750
128	1500	749
129	1497	1000
130	1748	1000
131	1498	1001
132	1749	1002
133	1749	750
134	1249	1000
135	1749	749
136	1497	750
137	1750	749
138	1497	750
139	1498	1001
140	1748	751
141	1499	748
142	1499	1000
143	1499	1000
144	1749	1000
145	1748	751
146	1500	745
147	1498	1000
148	1498	1001
149	1745	1004
150	1752	1002
151	1499	747
152	1749	751
153	1250	1000
154	1749	1004
155	1751	749
156	1497	751
157	1748	751
158	1249	999
159	1749	1001
160	1499	749
161	1497	1000
162	1748	1001
163	1499	1001
164	1743	1006
165	1754	750
166	1249	1000
167	1748	752
168	1499	1002
169	1748	1000
170	1749	750
171	1499	750
172	1498	751
173	1500	749
174	1747	751
175	1749	750
176	1498	751
177	1499	1003
178	1499	751
179	1748	751
180	1249	1001
181	1749	996
182	1750	749
183	1497	750
184	1498	1001
185	1499	1001
186	1749	752
187	1499	1251
188	1748	1000
189	1748	751
190	1499	750
191	1500	999
192	1747	751
193	1499	1000
194	1748	1001
195	1499	751
196	1498	1000
197	1748	751
198	1499	750
199	1499	1000
200	1749	750
201	1497	1001
202	1746	754
203	1502	751
204	1497	1004
205	1501	1001
206	1749	1000
207	1746	753
208	1497	754
209	1499	1006
210	1502	1003
211	1748	749
212	1499	1000
213	1749	751
214	1499	999
215	1497	1001
216	1748	1001
217	1499	752
218	1500	1249
219	1997	751
220	1249	1000
221	1748	1000
222	1748	753
223	1499	751
224	1499	751
225	1749	750
226	1499	1001
227	1750	750
228	1498	751
229	1499	750
230	1498	751
231	1749	1001
232	1498	751
233	1490	1009
234	1758	750
235	1499	751
236	1500	999
237	1497	1000
238	1999	750
239	1498	751
240	1499	752
241	1499	1001
242	1498	1000
243	1749	750
244	1498	1000
245	1750	749
246	1498	751
247	1498	1001
248	1749	750
249	1498	752
250	1749	751
251	1499	750
252	1498	1000
253	1749	750
254	1250	999
255	1744	1005
256	1499	1004
257	1752	1001
258	1749	752
259	1498	752
260	1497	1004
261	1500	1002
262	1750	1001
263	1749	1000
264	1498	750
265	1496	1003
266	1751	749
267	1499	752
268	1499	751
269	1749	749
270	1502	996
271	1496	999
272	1749	751
273	1498	749
274	1498	1000
275	1748	1001
276	1501	998
277	1745	751
278	1500	750
279	1498	1000
280	1748	751
281	1251	1249
282	1997	750
283	1499	751
284	1499	1000
285	1748	744
286	1500	749
287	1497	1000
288	1749	750
289	1498	1000
290	1750	750
291	1497	751
292	1499	1000
293	1499	1000
294	1748	1002
295	1749	751
296	1498	751
297	1499	1000
298	1499	999
299	1750	748
300	1497	1250
301	1749	1000
302	1748	751
303	1499	752
304	1498	1001
305	1749	752
306	1499	1001
307	1749	751
308	1501	748
309	1496	1000
310	1749	750
311	1498	746
312	1498	1002
313	1748	752
314	1496	1004
315	1752	749
316	1499	747
317	1500	999
318	1498	1000
319	1747	1002
320	1750	746
321	1499	750
322	1499	1000
323	1498	1000
324	1746	752
325	1751	1000
326	1500	1000
327	1747	751
328	1498	750
329	1499	1000
330	1748	753
331	1499	1000
332	1748	751
333	1749	501
334	1249	1000
335	1750	749
336	1496	752
337	1499	1000
338	1749	751
339	1498	1002
340	1749	751
341	1499	750
342	1499	1000
343	1499	1000
344	1750	999
345	1747	751
346	1499	750
347	1499	999
348	1502	1010
349	1746	750
350	1747	1001
351	1499	1001
352	1748	751
353	1501	749
354	1497	1001
355	1749	751
356	1499	1000
357	1748	1002
358	1750	750
359	1498	750
360	1499	990
361	1488	760
362	1759	999
363	1748	750
364	1499	750
365	1498	1002
366	1499	1002
367	1749	746
368	1499	752
369	1749	750
370	1495	1004
371	1504	995
372	1747	746
373	1498	747
374	1498	1001
375	1747	1004
376	1500	1002
377	1749	748
378	1500	748
379	1498	1000
380	1750	750
381	1497	1001
382	1748	1001
383	1749	500
384	1249	1001
385	1749	749
386	1497	750
387	1499	1000
388	1998	501
389	1250	999
390	1748	750
391	1499	750
392	1747	751
393	1499	752
394	1499	1000
395	1748	751
396	1499	750
397	1498	1000
398	1503	997
399	1745	1000
400	1748	1001
401	1499	996
402	1749	752
403	1499	750
404	1498	1000
405	1749	751
406	1499	1000
407	1750	1000
408	1747	750
409	1498	750
410	1498	1001
411	1499	1002
412	1749	1000
413	1748	750
414	1499	751
415	1499	1001
416	1500	999
417	1747	751
418	1499	750
419	1748	752
420	1499	1003
421	1498	1000
422	1749	750
423	1500	749
424	1497	1000
425	1750	1000
426	1744	754
427	1499	1003
428	1752	747
429	1498	749
430	1499	747
431	1498	1000
432	1745	1005
433	1752	747
434	1500	746
435	1496	1001
436	1499	750
437	1748	751
438	1749	749
439	1499	751
440	1498	1001
441	1499	752
442	1749	750
443	1500	748
444	1747	750
445	1499	1000
446	1498	1001
447	1748	752
448	1500	750
449	1498	1001
450	1749	1001
451	1499	1001
452	1750	999
453	1747	750
454	1250	1000
455	1747	750
456	1498	1001
457	1749	1000
458	1749	750
459	1498	751
460	1499	1000
461	1500	999
462	1747	750
463	1749	750
464	1498	751
465	1499	1005
466	1500	1000
467	1749	751
468	1498	751
469	1749	750
470	1500	999
471	1497	1001
472	1749	751
473	1499	750
474	1498	1002
475	1749	1000
476	1748	751
477	1499	1000
478	1499	750
479	1499	999
480	1748	750
481	1499	1000
482	1748	1000
483	1746	755
484	1499	753
485	1498	754
486	1498	754
487	1500	1003
488	1751	753
489	1498	1000
490	1749	753
491	1505	744
492	1494	1005
493	1495	1011
494	1752	1000
495	1750	749
496	1498	750
497	1500	748
498	1498	998
499	1746	755
500	1500	1000
501	1749	751
502	1498	1000
503	1499	1000
504	1748	751
505	1498	754
506	1501	999
507	1747	1000
508	1498	1001
509	1749	751
510	1499	752
511	1499	1000
512	1498	1000
513	1749	1000
514	1748	750
515	1250	999
516	1748	1000
517	1498	751
518	1748	751
519	1499	1252
520	1748	751
521	1749	750
522	1498	751
523	1499	751
524	1500	999
525	1498	1000
526	1749	999
527	1748	1250
528	2248	752
529	1499	750
530	1498	1002
531	1499	1249
532	1748	1000
533	1751	998
534	1496	750
535	1748	751
536	1498	1000
537	1749	1002
538	1748	1001
539	1749	750
540	1495	753
541	1498	1004
542	1500	1002
543	1750	1000
544	1746	754
545	1499	753
546	1502	992
547	1748	751
548	1499	748
549	1498	1000
550	1750	749
551	1500	999
552	1497	1001
553	1748	1001
554	1748	1000
555	1749	752
556	1499	1000
557	1750	999
558	1498	750
559	1748	752
560	1501	748
561	1497	751
562	1748	1000
563	1498	1000
564	1749	752
565	1499	747
566	1498	1000
567	1748	751
568	1499	1001
569	1750	749
570	1497	751
571	1499	1000
572	1748	750
573	1499	751
574	1498	1000
575	1748	750
576	1499	1000
577	1749	751
578	1500	749
579	1497	1001
580	1499	1000
581	1749	1000
582	1748	752
583	1499	751
584	1498	1000
585	1499	1000
586	1748	750
587	1750	999
588	1497	1000
589	1748	751
590	1500	750
591	1499	1001
592	1748	751
593	1498	1001
594	1749	750
595	1748	501
596	1250	995
597	1747	746
598	1499	747
599	1498	1000
600	1749	752
601	1499	1001
602	1748	749
603	1499	751
604	1499	1000
605	1501	999
606	1745	1006
607	1751	751
608	1499	749
609	1499	1001
610	1499	1000
611	1749	750
612	1748	1001
613	1498	1000
614	1750	749
615	1500	748
616	1498	998
617	1747	751
618	1499	1001
619	1752	747
620	1495	749
621	1498	1001
622	1749	751
623	1500	749
624	1497	1250
625	1999	750
626	1498	750
627	1499	1003
628	1500	989
629	1738	750
630	1509	750
631	1748	751
632	1500	1000
633	1497	1001
634	1749	750
635	1499	750
636	1498	1002
637	1749	1001
638	1499	1000
639	1748	751
640	1750	500
641	1250	999
642	1747	751
643	1499	1001
644	1748	1001
645	1749	752
646	1498	750
647	1499	1000
648	1498	1000
649	1749	1001
650	1751	749
651	1497	750
652	1495	1005
653	1499	1004
654	1752	1002
655	1747	500
656	1500	750
657	1749	751
658	1499	750
659	1500	999
660	1745	752
661	1497	754
662	1752	751
663	1499	748
664	1499	1001
665	1747	752
666	1500	750
667	1500	1000
668	1500	998
669	1745	1001
670	1750	749
671	1498	750
672	1499	1002
673	1498	1001
674	1748	1001
675	1752	747
676	1495	751
677	1500	1000
678	1498	1000
679	1748	751
680	1500	750
681	1747	752
682	1499	1001
683	1499	999
684	1748	750
685	1499	750
686	1499	999
687	1747	1001
688	1490	1000
689	1758	1000
690	1748	502
691	1249	1000
692	1748	751
693	1499	1000
694	1749	1000
695	1749	749
696	1497	750
697	1498	1001
698	1499	1000
699	1749	1002
700	1749	751
701	1498	751
702	1499	1001
703	1499	1000
704	1751	999
705	1497	750
706	1748	751
707	1499	1000
708	1498	1001
709	1745	754
710	1499	754
711	1500	1002
712	1749	1001
713	1747	752
714	1500	1001
715	1749	749
716	1498	749
717	1499	748
718	1499	1001
719	1746	1003
720	1751	751
721	1499	747
722	1499	990
723	1507	993
724	1741	749
725	1747	751
726	1498	753
727	1499	1001
728	1499	1001
729	1752	747
730	1496	748
731	1748	749
732	1498	1000
733	1494	1001
734	1748	751
735	1505	751
736	1497	1001
737	1749	1001
738	1748	751
739	1499	1001
740	1751	749
741	1247	1000
742	1748	751
743	1500	1499
744	1997	1002
745	1749	1000
746	1498	750
747	1498	1001
748	1749	750
749	1500	999
750	1747	1000
751	1749	750
752	1499	751
753	1498	1002
754	1499	1000
755	1748	751
756	1748	750
757	1499	751
758	1501	999
759	1496	1001
760	1749	1000
761	1499	751
762	1749	752
763	1499	1000
764	1494	1004
765	1753	1000
766	1499	751
767	1500	1000
768	1745	1003
769	1751	749
770	1499	1000
771	1498	1001
772	1746	753
773	1502	750
774	1495	1006
775	1751	1000
776	1748	751
777	1499	752
778	1502	748
779	1497	1000
780	1748	752
781	1499	750
782	1499	1000
783	1751	747
784	1496	751
785	1502	998
786	1496	1001
787	1749	1001
788	1744	756
789	1503	752
790	1499	751
791	1498	1000
792	1749	750
793	1499	1000
794	1750	749
795	1498	750
796	1498	1001
797	1749	751
798	1498	753
799	1499	1001
800	1749	751
801	1498	1001
802	1748	751
803	1501	748
804	1497	1000
805	1499	750
806	1748	751
807	1749	752
808	1248	1001
809	1749	1000
810	1500	750
811	1747	751
812	1500	1249
813	1747	1001
814	1748	751
815	1499	750
816	1498	752
817	1499	751
818	1498	1001
819	1749	1001
820	1748	751
821	1500	745
822	1498	752
823	1498	1001
824	1749	750
825	1496	1005
826	1752	748
827	1499	746
828	1499	1000
829	1748	750
830	1250	999
831	1749	999
832	1747	752
833	1499	752
834	1499	749
835	1499	1001
836	1750	749
837	1498	1000
838	1747	750
839	1500	749
840	1496	1000
841	1751	748
842	1497	750
843	1498	1002
844	1749	750
845	1499	1001
846	1748	751
847	1498	751
848	1501	999
849	1497	1001
850	1749	1000
851	1749	750
852	1498	752
853	1500	1000
854	1498	1001
855	1749	751
856	1749	1000
857	1500	1000
858	1747	751
859	1500	750
860	1498	1001
861	1748	752
862	1499	1001
863	1749	749
864	1497	751
865	1499	1001
866	1750	750
867	1497	751
868	1500	1000
869	1748	751
870	1499	1003
871	1750	751
872	1498	751
873	1499	1000
874	1498	1000
875	1750	1000
876	1747	751
877	1498	752
878	1499	1000
879	1499	1002
880	1749	750
881	1498	1250
882	1749	747
883	1499	1000
884	1499	1000
885	1747	1002
886	1749	746
887	1499	1000
888	1752	998
889	1745	501
890	1249	1001
891	1748	751
892	1499	751
893	1500	999
894	1747	751
895	1502	998
896	1745	500
897	1249	1001
898	1749	751
899	1498	751
900	1748	1000
901	1748	501
902	1250	999
903	1747	751
904	1499	751
905	1499	1001
906	1499	1002
907	1999	751
908	1499	1000
909	1498	750
910	1749	750
911	1250	999
912	1747	1001
913	1749	1001
914	1498	1001
915	1749	752
916	1499	751
917	1498	1001
918	1749	750
919	1499	1000
920	1750	750
921	1498	750
922	1498	1001
923	1750	749
924	1502	749
925	1494	1250
926	1999	501
927	1248	1001
928	1750	749
929	1499	749
930	1497	1001
931	1499	1001
932	1748	1001
933	1750	750
934	1498	749
935	1495	1004
936	1498	1003
937	1751	1001
938	1752	989
939	1493	754
940	1752	748
941	1499	746
942	1499	1002
943	1747	752
944	1502	748
945	1747	748
946	1247	1006
947	1751	999
948	1748	746
949	1494	751
950	1499	1255
951	1751	752
952	1499	1000
953	1750	749
954	1497	751
955	1500	1000
956	1501	997
957	1745	1001
958	1752	746
959	1495	750
960	1499	1002
961	1499	1001
962	1748	1000
963	1749	751
964	1499	750
965	1500	1000
966	1497	1000
967	1749	750
968	1499	749
969	1748	751
970	1498	1001
971	1499	1000
972	1748	751
973	1499	750
974	1500	999
975	1747	1001
976	1499	1002
977	1749	750
978	1498	751
979	1498	1000
980	1748	752
981	1500	1000
982	1749	999
983	1750	748
984	1496	751
985	1499	751
986	1499	751
987	1499	1002
988	1749	750
989	1498	1001
990	1749	751
991	1499	751
992	1500	998
993	1499	998
994	1747	1000
995	1748	747
996	1499	747
997	1499	747
998	1499	747
999	1499	1001
1000	1499	1001
1001	1748	1001
1002	1749	750
1003	1499	748
1004	1498	1000
1005	1498	1002
1006	1750	749
1007	1747	751
1008	1499	751
1009	1499	1001
1010	1500	751
1011	1747	750
1012	1249	1000
1013	1749	1000
1014	1749	751
1015	1498	750
1016	1499	1000
1017	1499	1000
1018	1749	751
1019	1500	999
1020	1747	751
1021	1499	1000
1022	1499	1001
1023	1749	752
1024	1499	750
1025	1498	1000
1026	1749	1000
1027	1499	1001
1028	1750	999
1029	1497	751
1030	1497	1002
1031	1751	750
1032	1499	1002
1033	1748	1001
1034	1499	751
1035	1499	1001
1036	1749	750
1037	1499	749
1038	1747	1001
1039	1750	750
1040	1497	751
1041	1499	752
1042	1498	751
1043	1499	1001
1044	1499	1000
1045	1748	1001
1046	1750	749
1047	1497	749
1048	1495	999
1049	1502	1000
1050	1748	1002
1051	1746	754
1052	1498	754
1053	1499	1004
1054	1501	1001
1055	1750	747
1056	1498	746
1057	1748	750
1058	1499	750
1059	1499	751
1060	1499	1003
1061	1495	1003
1062	1751	750
1063	1499	1001
1064	1752	747
1065	1495	750
1066	1500	740
1067	1498	1000
1068	1502	998
1069	1746	1000
1070	1748	750
1071	1498	751
1072	1499	750
1073	1500	999
1074	1748	744
1075	1499	751
1076	1749	751
1077	1498	752
1078	1499	750
1079	1499	1000
1080	1498	1001
1081	1749	751
1082	1501	998
1083	1746	751
1084	1499	750
1085	1499	1000
1086	1748	753
1087	1499	751
1088	1499	1001
1089	1749	750
1090	1498	1000
1091	1750	749
1092	1497	751
1093	1499	1001
1094	1499	751
1095	1748	1002
1096	1748	751
1097	1249	1000
1098	1749	750
1099	1499	761
1100	1501	998
1101	1495	1001
1102	1749	1001
1103	1748	751
1104	1499	752
1105	1498	1001
1106	1499	1000
1107	1748	1000
1108	1746	753
1109	1504	749
1110	1494	1003
1111	1499	1000
1112	1751	746
1113	1489	756
1114	1508	1001
1115	1748	1000
1116	1495	754
1117	1752	750
1118	1251	999
1119	1746	748
1120	1749	1000
1121	1499	999
1122	1747	753
1123	1499	750
1124	1500	999
1125	1748	499
1126	1247	1000
1127	2000	749
1128	1497	750
1129	1499	1001
1130	1748	751
1131	1499	741
1132	1501	998
1133	1746	751
1134	1499	1001
1135	1748	500
1136	1250	999
1137	1747	751
1138	1498	750
1139	1748	751
1140	1749	502
1141	1249	1000
1142	1748	751
1143	1499	751
1144	1499	1001
1145	1500	999
1146	1747	1000
1147	1749	750
1148	1498	751
1149	1498	1002
1150	1499	1000
1151	1749	1000
1152	1748	1000
1153	1499	1001
1154	2000	999
1155	1747	751
1156	1748	502
1157	1249	1001
1158	1999	752
1159	1499	750
1160	1499	1001
1161	1748	501
1162	1250	999
1163	1749	998
1164	1997	745
1165	1499	747
1166	1498	1001
1167	1498	1002
1168	1745	754
1169	1501	752
1170	1750	748
1171	1499	1000
1172	1500	747
1173	1747	750
1174	1496	752
1175	1501	1000
1176	1748	1001
1177	1499	1000
1178	1751	747
1179	1496	750
1180	1501	997
1181	1746	1000
1182	1997	1000
1183	1498	1001
1184	1749	751
1185	1499	752
1186	1499	1000
1187	1748	751
1188	1500	1000
1189	1747	1001
1190	1750	499
1191	1247	1001
1192	1749	750
1193	1498	750
1194	1499	1001
1195	1749	750
1196	1499	1000
1197	1748	750
1198	1500	749
1199	1499	998
1200	1497	750
1201	1748	1001
1202	1749	500
1203	1248	1002
1204	1750	749
1205	1498	751
1206	1499	1001
1207	1499	1000
1208	1750	999
1209	1747	750
1210	1498	751
1211	1499	1001
1212	1499	751
1213	1748	750
1214	1753	497
1215	1244	1001
1216	1749	750
1217	1500	748
1218	1498	1000
1219	1501	993
1220	1747	999
1221	1748	752
1222	1499	750
1223	1496	1002
1224	1498	1003
1225	1750	746
1226	1500	1250
1227	1746	1004
1228	1749	747
1229	1499	749
1230	1499	1003
1231	1750	749
1232	1498	999
1233	1747	1001
1234	1499	752
1235	1500	999
1236	1750	747
1237	1495	750
1238	1498	1000
1239	1749	752
1240	1499	1000
1241	1748	751
1242	1499	750
1243	1499	1000
1244	1502	997
1245	1745	1001
1246	1749	751
1247	1499	750
1248	1498	1002
1249	1501	999
1250	1746	751
1251	1749	1001
